14
963
152
437
777
165
460
707
34
921
593
568
777
503
482
413
478
244
9
898
268
542
357
587
864
613
949
338
875
428
71
719
740
664
958
108
250
537
33
863
474
948
545
630
335
275
621
620
264
341
936
733
201
282
719
912
971
82
345
426
104
121
644
630
929
605
365
282
839
862
464
883
101
501
360
494
667
356
197
48
497
39
277
867
343
581
275
593
91
236
458
484
449
682
668
764
420
143
417
550
966
150
30
502
668
345
328
600
724
371
921
443
620
973
24
834
638
934
0
254
104
279
32
915
204
878
13
576
260
79
481
753
79
670
454
656
184
231
592
566
79
607
183
882
384
413
410
69
306
902
879
491
822
580
501
551
633
476
731
81
534
272
541
649
108
87
207
546
652
790
562
528
250
103
908
793
918
775
879
177
215
765
769
45
879
347
228
49
344
737
507
816
835
401
277
335
421
843
482
225
972
204
34
611
893
976
832
542
278
490
416
71
260
477
81
588
528
894
563
484
792
761
829
977
805
619
871
864
570
641
447
328
950
212
219
533
687
99
758
298
662
983
901
118
149
492
386
539
532
447
114
140
969
817
762
163
983
610
965
754
613
854
833
109
257
35
399
508
475
527
415
242
659
539
379
641
73
464
279
613
107
36
853
374
699
804
602
553
604
44
102
953
660
878
446
861
148
526
456
205
57
879
383
769
542
773
781
7
832
325
397
318
620
405
202
568
590
922
604
329
5
25
424
70
72
359
790
533
317
900
330
774
234
164
531
183
8
792
859
286
720
15
313
851
326
154
452
30
38
570
601
436
772
771
946
801
270
90
593
80
336
152
487
307
169
162
891
319
638
352
980
114
640
709
563
146
982
348
351
511
893
776
517
934
394
142
32
126
391
741
938
179
358
33
350
819
703
853
662
550
960
537
851
762
237
90
538
666
272
515
656
821
720
995
449
785
152
279
771
718
613
265
995
117
244
47
369
186
325
854
96
108
992
920
790
852
734
336
364
997
552
283
398
751
93
71
319
391
13
526
74
111
268
148
851
24
563
872
218
438
702
253
235
922
379
862
956
521
870
589
608
784
155
804
755
451
446
840
340
833
355
585
825
50
279
568
12
962
143
404
252
832
745
281
520
541
229
342
603
197
